10,9
10,303
10,67
10,21
10,233
10,221
10,107
10,159
10,2
10,3
11,25
11,5
11,17
9,7
9,2
9,3
8,11
8,18
8,13
50,4
50,3
50,2
50,1
50,0
49,3
49,2
49,1
49,0
48,3
48,2
48,1
48,0
47,5
47,4
47,3
47,2
47,1
47,0
46,4
46,3
46,2
46,1
46,0
44,5
44,4
44,3
44,2
44,1
44,0
41,5
41,4
41,3
41,2
41,1
41,0
39,5
39,4
39,3
39,2
39,1
39,0
37,3
37,1
35,3
35,1
30,5
30,3
30,1
27,3
27,1
20,3
20,2
20,1
19,3
19,2
19,1
17,3
17,2
17,1
16,3
16,2
16,1
15,3
15,2
18,1
15,1
14,2
13,2
12,3
18,3
12,2
14,1
12,1
11,29
11,28
11,27
11,23
11,22
14,3
13,1
11,21
11,20
11,19
11,18
13,3
11,11
11,1
